   0.00000000    
   4.99999933E-02
  0.100000009    
  0.149999991    
  0.199999943    
  0.249999896    
  0.299999863    
  0.349999815    
  0.399999768    
  0.449999720    
  0.499999672    
  0.549999654    
  0.599999607    
  0.649999559    
  0.699999511    
  0.749999464    
  0.799999416    
  0.849999368    
  0.899999321    
  0.949999273    
  0.999999225    
   1.04999924    
   1.09999919    
   1.14999914    
   1.19999909    
   1.24999905    
   1.29999900    
   1.34999895    
   1.39999890    
   1.44999886    
   1.49999881    
   1.54999876    
   1.59999871    
   1.64999866    
   1.69999862    
   1.74999857    
   1.79999852    
   1.84999847    
   1.89999843    
   1.94999838    
   1.99999833    
   2.04999948    
   2.10000062    
   2.15000176    
   2.20000291    
   2.25000405    
   2.30000520    
   2.35000634    
   2.40000749    
   2.45000863    
   2.50000978    
   2.55001092    
   2.60001206    
   2.65001321    
   2.70001435    
   2.75001550    
   2.80001664    
   2.85001779    
   2.90001893    
   2.95002007    
   3.00002122    
   3.05002236    
   3.10002351    
   3.15002465    
   3.20002580    
   3.25002694    
   3.30002809    
   3.35002923    
   3.40003037    
   3.45003152    
   3.50003266    
   3.55003381    
   3.60003495    
   3.65003610    
   3.70003724    
   3.75003839    
   3.80003953    
   3.85004067    
   3.90004182    
   3.95004296    
   4.00004387    
   4.05004501    
   4.10004616    
   4.15004730    
   4.20004845    
   4.25004959    
   4.30005074    
   4.35005188    
   4.40005302    
   4.45005417    
   4.50005531    
   4.55005646    
   4.60005760    
   4.65005875    
   4.70005989    
   4.75006104    
   4.80006218    
   4.85006332    
   4.90006447    
   4.95006561    
   5.00006676    
